70 40
1 1 1 1 1 1 1 1 1 1 1 3 1 1 1 1 1 1 1 1 1 1 1 1 1 1 1 1 1 1 1 1 1 1 1 16 16 16 16 16 16 16 16 16 16 16 16 16 16 16 16 16 16 16 16 16 16 16 8 8 8 8 8 8 8 8 8 8 8 8
1 1 1 1 1 1 1 1 1 1 1 1 1 1 1 1 1 1 1 1 1 1 1 1 1 1 1 1 1 1 1 1 1 1 1 1 16 16 16 16 16 16 16 16 16 16 16 1 16 16 1 16 1 16 1 16 16 1 1 8 8 8 8 8 8 8 8 8 8 8
1 1 1 1 1 1 8 8 8 1 1 1 1 1 1 1 1 1 1 1 1 1 1 1 1 1 1 1 1 1 1 1 1 1 1 1 1 1 16 16 16 16 16 16 16 1 1 1 1 1 1 1 1 1 1 1 1 1 1 1 1 1 1 8 8 1 1 1 1 12
1 1 1 1 1 8 8 8 8 8 1 1 1 1 1 1 1 1 1 1 1 1 1 1 1 1 1 1 1 1 1 1 1 1 1 1 1 1 1 16 16 16 16 16 1 1 1 1 1 1 1 1 1 1 1 1 1 1 1 1 1 1 1 1 1 1 5 11 11 13
1 1 1 1 1 8 8 8 8 8 1 1 1 1 1 1 1 1 1 1 1 8 1 1 1 1 1 1 1 1 1 1 1 1 1 1 1 1 1 1 1 1 1 1 1 1 1 1 1 1 1 1 1 1 1 1 1 1 1 1 1 1 1 1 1 1 1 1 1 7
1 1 1 1 1 1 1 13 1 1 1 1 1 1 1 1 1 1 1 1 1 8 1 1 1 1 1 1 1 1 1 1 1 1 1 1 1 1 1 1 1 1 1 1 1 1 1 1 1 1 1 1 1 1 1 1 1 1 1 1 1 1 1 1 1 1 1 1 1 0
1 1 1 1 5 11 11 7 11 11 6 1 1 1 1 1 1 1 1 1 8 8 8 1 1 1 1 1 1 1 1 1 1 1 1 1 1 1 1 1 1 1 1 1 1 1 1 1 16 1 1 1 1 1 1 1 16 1 1 1 8 8 8 8 8 8 8 1 1 2
1 1 1 1 1 1 1 7 1 1 1 1 1 1 1 1 1 1 1 1 8 8 8 1 1 1 1 1 1 1 1 1 1 1 0 0 1 1 1 1 1 1 1 1 1 1 0 0 16 16 16 16 16 16 16 16 16 16 1 8 8 8 8 8 8 8 8 8 1 1
1 1 1 1 1 1 0 0 0 1 1 1 1 1 5 6 1 1 1 8 8 8 8 8 1 1 1 5 11 11 11 6 1 1 2 2 0 0 0 0 0 0 0 0 0 0 2 2 16 16 16 16 16 16 16 16 16 16 1 8 8 8 8 8 8 8 8 8 1 1
9 10 1 9 1 0 2 2 2 0 1 1 1 1 1 1 1 1 1 1 8 8 8 1 1 1 1 1 1 1 1 1 1 1 16 2 2 2 2 2 2 2 2 2 2 2 2 16 16 16 16 16 16 16 16 16 16 16 1 1 8 8 8 7 8 8 8 1 1 1
0 0 0 0 0 2 2 2 2 2 0 9 1 1 1 1 1 1 1 8 8 7 8 8 1 1 1 1 1 1 1 1 1 1 1 16 16 16 16 2 2 2 2 16 16 16 16 16 16 16 16 16 16 16 16 16 16 16 6 1 1 1 1 7 1 1 1 1 1 1
2 2 2 2 2 2 2 2 2 2 2 0 1 1 1 1 1 1 8 8 8 7 8 8 8 1 1 1 5 11 6 1 1 1 1 1 16 16 16 16 16 16 16 16 16 16 16 16 16 16 16 16 16 16 16 16 16 1 1 1 1 1 1 7 1 1 1 1 1 1
2 2 2 2 2 2 2 2 2 2 2 2 16 1 1 1 1 1 8 8 1 12 1 8 8 1 1 1 1 1 1 1 1 1 1 1 1 16 16 16 16 16 16 16 16 1 1 16 16 16 16 16 16 16 16 16 16 1 1 1 1 1 1 7 1 1 1 1 1 3
16 16 16 16 16 16 16 16 16 16 16 16 16 1 1 1 1 1 1 1 1 13 1 1 1 1 1 1 1 1 1 1 1 1 1 1 1 1 1 1 1 1 1 1 1 1 1 1 16 16 16 16 16 16 16 16 16 1 1 5 11 11 11 7 1 1 1 1 1 1
16 16 16 16 16 16 16 16 16 16 16 16 16 11 6 1 1 1 1 1 1 7 1 1 1 1 1 1 1 1 1 5 6 1 1 1 1 1 1 1 1 1 1 1 1 1 1 1 1 1 16 16 16 16 16 16 16 1 1 1 1 1 1 7 1 3 1 1 1 1
16 16 16 16 16 16 16 16 16 16 16 16 1 1 1 1 1 1 1 1 1 7 1 1 1 1 1 1 1 1 1 1 1 1 1 5 6 1 1 1 1 1 1 1 1 1 1 1 1 1 1 1 1 16 16 16 16 1 1 1 1 1 1 7 1 1 1 1 1 1
16 16 16 16 16 16 16 8 16 8 1 1 1 1 1 1 1 1 1 0 0 0 0 1 1 1 1 1 1 1 1 1 1 1 1 1 1 1 1 1 1 1 1 1 1 1 1 1 1 1 1 1 1 1 16 16 16 1 1 1 1 1 1 7 1 1 1 1 1 1
16 16 16 16 16 8 1 1 1 1 1 1 1 1 1 1 1 0 0 2 2 2 2 0 0 1 1 1 1 1 1 1 1 1 1 1 1 1 1 1 1 1 1 1 1 1 1 1 1 1 1 1 1 1 16 16 16 11 11 11 6 1 1 7 1 1 1 1 1 1
16 16 16 16 16 1 1 1 1 1 1 1 1 1 1 1 0 2 2 2 2 2 2 2 2 0 1 1 1 1 1 1 1 1 1 1 1 5 6 1 1 1 1 1 1 1 1 1 1 1 1 1 1 1 1 16 16 1 1 1 1 1 1 7 1 1 1 1 3 1
16 16 16 8 1 1 1 1 1 1 1 1 1 1 1 0 2 2 2 2 2 2 2 2 2 2 0 1 1 1 1 1 1 1 1 1 1 1 1 1 1 1 1 1 1 1 1 1 1 1 1 1 1 1 1 1 16 1 1 1 1 1 9 0 1 1 1 1 1 1
8 1 1 1 1 1 1 1 1 1 1 1 1 1 1 16 16 16 16 16 16 16 16 16 16 16 16 1 1 1 1 1 1 1 1 1 1 1 1 1 1 1 1 1 1 1 1 1 1 1 1 1 1 1 1 1 1 1 1 1 1 1 0 2 0 10 1 1 1 1
1 1 1 1 1 1 1 1 1 1 5 6 1 1 1 16 16 16 16 16 16 16 16 16 16 16 16 1 1 1 1 1 1 1 1 1 1 1 1 1 8 8 8 1 1 1 1 1 1 1 1 1 1 1 1 1 1 1 1 1 1 0 2 2 2 0 1 1 1 1
1 1 1 1 1 1 5 6 1 1 1 1 1 1 1 1 16 16 16 16 16 16 16 16 16 16 1 1 1 1 1 1 1 1 1 1 1 1 1 1 8 8 8 1 1 1 1 1 1 1 1 1 1 1 1 1 1 1 1 1 1 2 2 2 2 2 1 1 1 1
1 1 5 6 1 1 1 1 1 1 1 1 1 1 1 1 16 16 16 16 16 16 16 16 16 1 1 1 1 1 1 1 1 1 1 1 1 1 1 1 1 7 1 1 1 1 1 1 1 1 1 1 1 1 1 1 1 1 5 11 11 2 2 16 2 2 1 3 1 1
1 1 1 1 1 1 1 1 1 1 1 1 1 1 1 1 1 16 1 1 16 16 16 1 1 1 1 1 1 1 1 1 1 1 1 1 1 1 1 5 11 7 1 1 1 1 1 1 1 1 1 1 1 1 1 1 1 1 1 1 1 2 16 16 16 2 1 1 1 1
1 1 1 1 1 1 1 1 1 1 1 1 1 1 1 1 1 1 1 1 1 16 1 1 1 1 1 1 1 1 1 1 1 1 1 1 1 1 1 1 1 7 6 1 1 1 1 1 1 1 1 1 1 1 1 1 1 1 1 1 1 16 16 16 16 16 1 1 1 1
0 1 1 1 1 1 1 8 1 1 1 1 1 1 1 1 1 1 1 1 1 1 1 1 1 1 1 1 1 1 1 1 1 1 1 1 1 1 1 1 10 7 1 1 1 1 1 1 1 1 1 1 1 1 1 1 1 1 1 1 1 16 16 16 16 1 1 1 1 1
2 1 1 1 1 1 8 8 8 1 1 1 1 1 1 1 1 1 1 1 1 1 1 1 1 1 1 1 1 1 1 1 1 1 1 1 1 9 1 0 0 0 0 0 1 1 1 1 1 1 1 1 1 1 1 1 1 1 1 1 1 1 16 1 1 1 1 1 1 1
2 1 1 1 1 8 8 8 8 8 1 1 1 1 1 1 1 1 1 1 1 1 1 1 1 1 1 1 1 1 1 1 1 1 10 1 0 0 0 2 2 2 2 2 1 1 1 1 1 1 1 1 1 1 1 1 1 1 1 1 1 1 1 8 1 1 1 1 3 1
2 6 1 1 1 1 8 8 8 1 1 1 1 1 1 1 1 1 1 1 1 1 1 1 1 1 1 1 1 1 1 9 1 0 0 0 2 2 2 2 2 2 2 2 1 1 1 1 1 1 1 1 1 1 1 1 1 1 1 1 1 1 8 8 8 1 1 1 1 1
2 1 1 1 1 1 1 4 1 1 1 1 1 1 1 1 1 1 1 1 1 1 1 1 1 1 1 1 1 1 0 0 0 2 2 2 2 2 2 2 2 2 2 2 1 1 1 1 1 1 1 1 1 1 1 1 1 1 1 1 1 8 8 8 8 8 1 1 1 1
2 1 1 1 1 1 1 7 1 1 1 8 1 1 1 1 1 1 1 1 1 1 16 1 1 1 1 1 1 1 2 2 2 2 2 2 2 2 2 16 16 16 16 16 1 1 1 1 0 0 1 1 1 1 0 0 1 1 1 1 1 1 8 8 8 1 1 1 1 1
2 1 1 1 10 1 1 7 1 1 8 12 8 1 1 1 1 1 1 1 1 16 16 14 14 14 14 14 14 14 16 16 16 16 16 16 16 16 16 16 16 16 16 16 1 1 1 1 2 2 0 0 0 0 2 2 1 1 1 1 1 8 8 8 8 8 1 1 1 1
2 0 0 0 0 0 0 0 0 0 2 2 2 1 1 1 1 1 1 1 1 16 16 15 15 15 15 15 15 15 16 16 16 16 16 16 16 16 16 16 16 16 16 16 1 1 1 1 2 2 2 2 2 2 2 2 1 1 1 1 1 1 8 8 8 1 1 3 1 1
2 2 2 2 2 2 2 2 2 2 16 16 1 1 1 1 1 1 1 1 1 16 16 15 15 15 15 15 15 15 16 16 16 16 16 16 16 16 16 16 16 16 16 16 14 14 14 14 16 16 2 2 2 2 16 16 14 14 14 14 14 8 8 8 8 8 1 1 1 1
2 2 2 2 2 2 2 2 16 16 16 1 1 1 1 1 1 1 1 1 16 16 16 15 15 15 15 15 15 15 16 16 16 16 16 16 16 16 16 16 16 16 16 16 15 15 15 15 16 16 16 16 16 16 16 16 15 15 15 15 15 15 8 7 8 1 1 1 1 1
16 16 16 16 16 16 16 16 16 16 1 1 1 1 1 1 1 1 1 1 16 16 16 15 15 15 15 15 15 15 16 16 16 16 16 16 16 16 16 16 16 16 16 16 15 15 15 15 16 16 16 16 16 16 16 16 15 15 15 15 15 15 15 7 1 1 1 1 1 1
16 16 16 16 16 16 16 16 1 1 1 1 1 1 1 1 1 1 1 16 16 16 16 15 15 15 15 15 15 15 16 16 16 16 16 16 16 16 16 16 16 16 16 16 15 15 15 15 15 16 16 16 16 16 16 15 15 15 15 15 15 15 15 7 1 10 1 1 10 1
16 16 16 16 16 16 16 1 1 1 1 1 1 1 1 1 1 1 1 16 16 16 16 15 15 15 15 15 15 15 16 16 16 16 16 16 16 16 16 16 16 16 16 16 15 15 15 15 15 15 16 16 16 16 15 15 15 15 15 15 15 15 15 7 0 0 0 0 0 0
16 16 16 16 16 1 1 1 1 1 1 1 1 1 1 1 1 1 16 16 16 16 16 15 15 15 15 15 15 15 16 16 16 16 16 16 16 16 16 16 16 16 16 16 15 15 15 15 15 15 15 15 15 15 15 15 15 15 15 15 15 15 15 7 2 2 2 2 2 2